1.71176747025
2.54701331804
3.28171165797
2.33036103386
2.70661099194
4.20248978178
2.7184918203
2.97907177607
2.77821853146
1.94406449014
3.99394206239
4.3938523651
6.17805839023
3.29374534914
3.65967385672
2.35898520546
1.54089686102
3.72363854111
2.93272093936
4.2844594113
3.54413472908
3.94995944069
2.00235587182
3.78720481296
3.49898666688
2.28988545214
2.79137073723
3.27967501176
2.36503924232
3.54364142156
3.34597578167
3.86996474036
3.74488016592
2.01494607033
2.1290456861
4.21930118521
4.39322255517
1.66870473461
5.1053421224
2.38498238808
1.69961055446
3.14845249764
3.40782171773
2.00510325243
0.882125342791
2.0383262187
3.32916579582
2.35264374769
1.4030069675
2.71479418592